ASIS 570.4120890806798 -93.57618347130749 829.5771238529504
PSIS 476.9723303108063 -19.28466484086404 886.30998843402
SAC 476.979546597603 22.47655695560249 883.4280395711884
LEC 534.9741384417803 -92.23098434063965 453.21388832110443
MEC 533.7548459222622 -19.679169776060377 451.1776564527395
malleolus_med 517.773635611596 -48.06369120957518 137.45661612490693
malleolus_lat 493.5738708316 -94.10453145367296 137.95853136126783
hjc 520.495132352727 -50.57471617102335 781.9620414390483
condyle_lat 531.6320599502008 -87.1265075990087 415.5941981140511
condyle_med 530.3118308219014 -25.588492724298245 415.04411026112973
