ASIS 578.6486119344087 134.73972313692312 827.4033842281434
PSIS 476.3620051467657 65.10236185647946 879.9705542469649
SAC 476.34656411838444 22.76208716697566 883.2925403686835
LEC 499.1855775025155 145.94069289759267 454.92773512166156
MEC 494.53224302726017 77.77135493894033 450.0475268971296
malleolus_med 524.0565681942387 109.94769137766947 136.12380025896476
malleolus_lat 501.9673678487001 156.8749726961578 134.27960137047438
hjc 525.8899435839759 93.08336525413506 781.3400183972954
condyle_lat 500.60441185392466 143.47314130731317 415.32533569245027
condyle_med 496.79797451246924 82.35451840522353 413.4445195011038
