5
6
488
489
490
496
497
498
499
503
505
506
507
508
510
511
512
513
514
515
518
519
520
521
522
523
524
525
526
527
528
529
530
531
532
533
534
535
536
537
538
539
540
541
542
546
582
584
588
589
590
591
592
593
594
595
596
597
598
599
608
609
610
612
614
615
616
617
619
622
624
626
636
637
640
641
642
643
644
649
650
651
652
653
654
655
656
657
658
659
660
661
662
663
664
665
666
667
668
670
675
676
677
678
679
680
686
687
688
689
690
691
692
693
694
695
696
697
698
699
700
701
702
704
705
706
707
708
709
710
711
712
713
714
715
716
717
718
719
720
721
722
723
724
725
726
727
728
729
730
731
732
733
734
735
736
737
743
745
748
751
752
753
754
755
756
757
758
759
760
761
762
763
764
765
766
767
768
769
770
771
772
774
775
776
777
778
779
780
781
782
783
784
785
786
787
788
789
790
791
792
793
794
795
796
797
798
799
800
801
802
803
804
805
806
807
808
809
810
811
812
813
814
815
816
817
818
819
820
821
822
823
824
825
826
827
828
829
830
831
832
833
834
835
836
837
838
839
840
841
842
843
844
845
846
847
848
849
850
851
852
853
854
855
856
857
858
859
870
871
872
877
878
879
880
881
882
889
890
891
892
893
913
914
915
916
917
918
919
928
936
937
938
939
946
947
948
949
950
951
952
953
954
956
958
960
962
964
965
969
970
999
1001
1035
1036
1037
1038
1039
1091
1092
1093
1096
1097
1098
1099
1109
1110
1111
1112
1120
1121
1129
1130
1131
1132
1139
1140
1141
1142
1143
1144
1145
1146
1147
1148
1149
1150
1151
1152
1153
1160
1161
1162
1163
1226
1227
1228
1236
1237
1238
1239
1240
1241
1247
1248
1249
1250
1251
1252
1253
1254
1255
1256
1257
1258
1259
1260
1277
1282
1285
1286
1287
1288
1289
1290
1291
1292
1293
1294
1295
1296
1297
1298
1299
1300
1301
1302
1303
1304
1305
1306
1307
1771
1772
1773
1774
1775
1810
1814
1815
1816
1817
1818
1849
1869
1874
1875
2253
2254
2255
2256
2257
2258
2259
2260
2261
2266
2267
2270
2271
2273
2275
2280
2281
2282
2283
2284
2285
2287
2288
2289
2290
2291
2292
2293
4653
