3406
3433
3434
3435
3447
3542
3543
3544
3545
3546
3547
3548
3549
3550
3555
3557
3558
3559
3560
3561
3562
3563
3564
3565
3566
3567
3568
3569
3570
3571
3572
3574
3575
3576
3577
3578
3579
3598
3599
3600
3601
3631
3632
3633
3634
3639
3642
3649
3650
3651
3652
3657
3661
3662
3664
3666
3667
3668
3669
3670
3671
3672
3673
3674
3675
3700
3701
3702
3724
3729
3730
3731
3732
3733
3734
3737
3738
3742
3743
3744
3745
3746
3747
3751
3752
3753
3754
3755
3756
3760
3761
3860
3913
3918
3919
3920
3921
3922
3942
3943
3944
3945
3946
3951
3952
3953
3954
3957
3958
3959
3962
3963
3964
3965
3967
3973
3974
3975
3976
3979
3980
3981
3982
3983
3984
3985
3986
3987
3988
3989
3990
3991
3992
3993
3994
3995
3996
3997
3998
3999
4000
4001
4002
4003
4004
4005
4006
4007
4008
4009
4010
4011
4012
4013
4014
4015
4016
4017
4018
4019
4020
4021
4022
4029
4030
4031
4032
4033
4068
4081
4084
4085
4086
4087
4088
4089
4090
4091
4092
4093
4094
4095
4096
4097
4098
4099
4100
4101
4104
4105
4106
4110
4111
4112
4113
4114
4115
4116
4117
4118
4119
4120
