314
316
318
319
320
321
322
323
324
325
326
327
328
329
330
331
332
333
334
335
336
337
338
339
340
341
342
343
345
347
860
864
931
932
991
993
995
996
997
998
1032
1033
1072
1073
1183
1199
1204
1310
1311
1334
1335
1336
1387
1398
1399
1400
1401
1402
1403
1404
1405
1406
1407
1420
1421
1422
1423
1424
1425
1426
1427
1428
1455
1456
1465
1466
1467
1469
1473
1474
1475
1476
1477
1478
1479
1480
1481
1482
1485
1486
1487
1490
1491
1492
1493
1494
1495
1496
1497
1498
1499
1500
1501
1502
1504
1505
1506
1527
1529
1530
1537
1543
1544
1545
1548
1549
1550
1551
1552
1554
1555
1556
1557
1558
1559
1560
1561
1562
1563
1564
1565
1566
1567
1568
1569
1570
1571
1572
1573
1575
1576
1577
1578
1579
1580
1581
1582
1583
1584
1585
1586
1890
1891
1892
1894
1895
1896
1897
1898
1899
1900
1901
1902
1903
1929
1930
1931
1932
1933
1934
1935
1939
1940
1952
1956
1975
1979
1980
2005
2295
2296
2297
2298
2304
2305
2318
2319
2320
2321
2322
2323
2324
2325
2712
2714
2715
2716
2717
2718
2719
2720
2721
2723
2725
2726
2727
2728
2729
2753
2755
2764
2766
2783
2785
2786
2787
2788
2789
2792
2793
2794
2795
2796
2797
2798
2799
2800
2801
2802
2803
2804
2805
2806
2816
2817
2818
2819
2820
2821
4469
