1014
1016
1062
1064
1066
1067
1070
1072
1074
1130
1134
1135
1137
1139
1140
1142
1144
1165
1167
1170
1171
1211
1213
1222
1224
1348
1800
1802
1804
1807
1811
1835
1837
1842
1844
1845
1848
1850
1852
1854
1858
1862
1864
1867
1892
1901
2132
2133
2134
2138
2140
2141
2143
2148
2150
2162
2164
2166
2171
2173
2176
2179
2180
2182
2183
2201
2205
2209
2212
2215
2225
2282
2289
2293
2322
2330
2333
2337
2341
2345
2363
2365
2367
2369
2371
2373
2376
2378
2383
2386
2396
2495
2514
2533
2539
2678
2682
2699
2730
2733
2755
2920
2921
3054
3071
3179
3183
3241
3244
3257
3392
3395
3576
3578
3691
3719
3723
3737
3740
3822
3884
3916
3992
4031
4035
4070
4080
4144
4146
4220
4221
4237
4239
4259
4289
4301
4379
4422
4424
4487
4499
4500
4538
4544
4546
4557
4572
4573
4586
4590
4630
4652
4702
4715
4718
4738
4802
4901
4903
4906
4958
4963
4964
4971
4972
4973
4974
4978
4979
4980
4981
5014
5015
5016
