1472
1473
1475
1482
1484
1486
1489
1491
1500
1502
1520
1522
1525
1527
1529
1531
1534
1536
1565
1567
1569
1571
1573
1574
1576
1578
1582
1584
1637
1640
1642
1644
1646
1649
1651
1653
1655
1657
1667
1669
1671
1673
1676
1678
1680
1681
1683
1685
1747
1750
1752
1754
1755
1757
1759
1762
1764
1767
1769
1916
1919
1921
1930
1933
1935
1937
1939
1946
1948
1950
1953
1954
1956
1958
1962
1963
1965
1966
1968
1970
1972
1974
1976
1978
1980
1982
1984
1986
1988
1990
1991
1993
1996
1997
1999
2001
2003
2005
2007
2009
2011
2013
2015
2018
2020
2021
2024
2026
2029
2031
2033
2036
2038
2040
2042
2044
2046
2048
2052
2054
2055
2057
2059
2061
2064
2066
2068
2070
2072
2074
2076
2078
2087
2089
2090
2091
2094
2096
2098
2100
2103
2113
2115
2117
2119
2121
2123
2125
2127
2130
2154
2157
2191
2243
2246
2250
2253
2256
2257
2260
2263
2266
2272
2276
2279
2318
2321
2338
2340
2342
2344
2347
2350
2353
2356
2375
2428
2431
2432
2445
2446
2450
2451
2454
2458
2459
2462
2466
2469
2471
2474
2477
2478
2481
2484
2486
2488
2491
2494
2497
2500
2501
2504
2506
2509
2523
2526
2530
2542
2545
2554
2556
2584
2588
2589
2591
2594
2597
2600
2601
2604
2606
2609
2612
2616
2618
2622
2623
2627
2630
2633
2635
2638
2641
2644
2649
2654
2658
2661
2664
2667
2669
2672
2688
2690
2692
2713
2716
2719
2722
2779
2782
2786
2789
2792
2853
2878
2882
2885
2888
2891
2894
2898
2902
2905
2908
2927
2928
2931
2934
2944
2948
2952
2959
2963
2965
2967
2970
2974
2978
2981
2983
2987
3004
3007
3010
3011
3016
3019
3022
3024
3026
3028
3032
3035
3038
3041
3062
3065
3116
3118
3120
3123
3126
3130
3134
3137
3141
3144
3147
3149
3151
3153
3155
3157
3161
3165
3168
3171
3174
3175
3190
3197
3200
3204
3208
3211
3214
3217
3220
3245
3266
3269
3274
3277
3280
3283
3287
3290
3296
3299
3302
3306
3309
3333
3338
3342
3345
3347
3351
3354
3357
3360
3361
3364
3367
3372
3375
3378
3381
3385
3401
3405
3407
3410
3414
3417
3420
3424
3451
3454
3457
3462
3465
3468
3471
3474
3477
3487
3488
3491
3494
3500
3509
3511
3513
3516
3519
3523
3526
3529
3532
3535
3538
3541
3544
3547
3550
3553
3555
3559
3562
3565
3633
3637
3653
3701
3704
3749
3752
3754
3757
3759
3762
3766
3769
3772
3775
3777
3780
3783
3787
3790
3794
3797
3800
3803
3806
3809
3811
3865
3875
3895
3905
3942
3945
3954
3958
3961
3965
3968
3971
3974
3977
3981
3984
3997
4001
4007
4009
4011
4013
4016
4019
4023
4026
4175
4185
4187
4189
4191
4193
4194
4196
4198
4200
4202
4205
4207
4209
4211
4212
4214
4281
4322
4324
4326
4329
4331
4335
4341
4342
4344
4346
4349
4351
4353
4355
4357
4359
4363
4365
4367
4368
4371
4374
4389
4391
4392
4394
4397
4400
4403
4404
4408
4411
4414
4416
4462
4463
4465
4467
4469
4471
4473
4474
4475
4477
4480
4482
4484
4486
4496
4498
4501
4503
4506
4512
4516
4518
4519
4521
4523
4524
4527
4528
4530
4532
4534
4536
4539
4545
4547
4548
4551
4560
4562
4564
4565
4569
4605
4606
4609
4611
4614
4616
4619
4624
4657
4659
4671
4679
4681
4683
4685
4698
4700
4776
4778
