1453
1459
1462
1464
1466
1478
1480
1513
1514
1516
1555
1558
1559
1561
1563
1620
1628
1629
1631
1633
1635
1659
1661
1690
1711
1713
1733
1735
1794
1796
1831
1877
1879
1898
1924
2207
2230
2309
2405
2435
2438
2573
2764
2767
2808
2819
2822
2839
2865
2868
2999
3090
3094
3103
3107
3319
3323
3437
3438
3443
3572
3589
3607
3609
3616
3656
3659
3834
3849
3926
4048
4056
4058
4075
4097
4156
4157
4162
4170
4232
4249
4312
4430
4435
4448
4452
4459
4587
4635
4645
4662
4727
4753
4759
4850
4878
4886
4934
4985
4986
4987
4989
4990
