875
876
878
880
883
884
885
886
887
888
889
890
891
892
893
894
895
896
897
898
899
901
907
909
911
913
914
916
917
918
920
923
925
929
932
934
935
936
942
944
946
948
949
1362
1363
1365
1373
1374
1376
1378
1380
1382
1384
1386
1388
1390
1392
1393
1394
1395
1396
1397
1398
1399
1400
1401
1402
1403
1404
1406
1408
1411
1413
1414
1538
1539
1540
1542
1646
1647
1648
1649
1650
1651
1652
1654
1655
1656
1657
1658
1659
1660
1661
1662
1663
1664
1665
1666
1667
1668
1669
1670
1671
1672
1673
1674
1675
1676
1677
1678
1679
1680
1681
1682
1683
1686
1687
1688
1689
1690
1691
1692
1693
1694
1695
1696
1697
1722
1724
