874
877
879
881
882
884
886
900
902
903
904
905
906
908
910
912
915
919
921
922
924
926
927
1016
1017
1018
1019
1020
1021
1022
1023
1024
1025
1026
1027
1028
1029
1030
1031
1032
1033
1034
1035
1036
1037
1038
1039
1040
1041
1042
1043
1044
1045
1093
1094
1095
1096
1097
1100
1101
1102
1103
1104
1105
1106
1107
1108
1109
1110
1111
1112
1113
1114
1115
1116
1117
1118
1119
1120
1121
1122
1123
1124
1125
1126
1127
1128
1129
1130
1132
1134
1136
1138
1140
1142
1144
1188
1189
1190
1191
1192
1323
1324
1325
1326
1327
1328
1329
1330
1331
1332
1333
1334
1335
1336
1422
1423
1424
1425
1426
1427
1428
1429
1430
1431
1435
1522
1523
1526
1529
1530
1531
1532
1533
1534
1535
1536
1537
1722
1724
