61
63
65
67
69
70
71
72
73
74
75
76
77
78
79
80
81
82
83
84
85
86
87
88
89
90
91
92
93
94
95
96
97
98
99
101
103
228
229
232
234
236
238
240
242
243
244
245
246
247
248
249
250
251
252
253
254
255
256
257
258
259
260
261
262
263
264
265
266
267
268
269
270
271
272
273
274
275
276
277
278
279
280
281
282
283
284
285
286
287
288
289
290
291
292
293
294
295
296
297
298
299
300
301
302
303
304
306
308
416
971
972
973
974
975
976
977
978
979
980
981
982
983
984
985
986
987
988
989
990
991
992
993
994
995
996
997
998
999
1000
1001
1002
1409
1410
1562
1564
1579
1585
1586
1587
1588
1589
1590
1591
1592
1593
1594
1595
1596
1598
1600
1602
1604
1606
1608
1610
1612
1613
1614
1727
1728
1855
1856
1857
1858
1859
1860
1868
1870
1872
1874
1879
1880
1881
1882
1883
1884
1887
1888
