110
112
114
116
117
118
119
121
122
123
124
125
126
127
128
129
130
131
132
133
134
135
136
137
138
139
140
141
142
143
144
145
146
147
148
149
150
151
152
153
155
157
159
307
309
311
313
315
316
317
318
319
320
321
322
323
324
325
326
327
328
329
330
331
332
333
334
335
336
337
338
339
340
341
342
343
344
345
346
347
350
351
352
355
356
415
937
938
939
940
941
942
943
944
945
946
947
950
951
952
953
954
955
956
957
958
959
960
961
962
963
964
965
966
967
968
1747
1749
1752
1753
1755
1757
1758
1759
1761
1762
1763
1765
1767
1769
1771
1773
1775
1777
1779
1781
1783
1785
1786
1787
1837
1850
1994
1996
1997
1998
2000
2002
2004
2006
2028
2036
