18
19
20
21
22
23
24
25
26
27
28
29
30
31
32
33
34
35
36
37
38
39
40
41
42
43
44
45
46
47
48
49
50
51
52
53
54
55
120
541
854
855
856
857
858
859
860
861
862
863
864
865
866
871
1255
1256
1257
1258
1260
1261
1262
1263
1264
1265
1266
1267
1268
1270
1272
1274
1275
1276
1277
1278
1279
1280
1281
1282
1284
1285
1286
1287
1288
1289
1290
1291
1292
1293
1294
1295
1296
1297
1298
1313
1314
1716
1718
1721
1788
1789
1790
1791
1792
1793
1794
1795
1796
1797
1798
1799
1800
1801
1802
1803
1804
1805
1806
1807
1808
1810
1811
1812
1813
1814
1815
1816
1817
1818
1819
1820
1821
1822
1823
1824
1825
1826
1827
1828
1829
1830
1831
1832
1833
1834
1835
1836
1838
1839
1840
1841
1842
1843
1844
1845
1846
1847
1848
1849
1861
1863
1865
1867
1869
1871
1873
1875
1885
1886
1889
1890
1891
1892
1893
1894
1895
1896
1898
1899
1900
1901
1902
1904
1905
1906
1907
1908
1909
1910
1911
1912
1913
1914
1915
1916
2067
