428
429
430
432
434
435
437
438
441
443
526
528
529
531
532
534
535
537
538
540
542
543
544
546
547
549
550
552
553
555
556
558
559
561
562
564
565
568
571
1049
1050
1052
1053
1054
1055
1056
1057
1058
1059
1060
1436
1437
1438
1439
1440
1441
1442
1443
1444
1445
1446
1447
1448
1449
1450
1451
1452
1453
1454
1455
1456
1457
1458
1459
1460
1461
1462
1467
1469
1471
1473
1475
1477
1479
1480
1481
1486
1487
1488
1489
1490
1491
1492
1493
1494
1495
1496
1497
1498
1499
1500
1501
1502
1503
1504
1505
1506
1507
1508
1509
1510
1511
1512
1513
1514
1515
1516
1517
1520
1524
1525
1526
1527
1528
1701
1702
1703
1704
1705
1706
1707
