60
62
64
66
446
448
451
454
457
460
463
466
468
469
471
472
474
476
477
479
480
481
482
483
484
485
486
487
488
489
490
491
492
493
494
495
496
497
498
499
500
501
502
503
504
505
506
507
508
509
510
511
512
513
514
515
516
517
518
519
520
521
522
523
524
525
583
584
585
586
587
588
589
590
591
592
593
594
598
599
600
601
602
603
604
605
606
607
608
609
618
619
620
653
655
657
659
661
663
664
686
687
688
689
690
691
692
693
694
695
696
697
698
699
700
701
702
703
704
705
706
707
708
709
710
711
712
713
714
715
716
717
718
719
720
721
722
723
724
725
726
727
728
729
730
731
732
733
734
735
736
738
740
742
744
746
748
750
752
754
756
758
760
762
764
766
768
822
823
824
827
828
829
1247
1248
1249
1250
1251
1252
1300
1301
1302
