ASIS 696.0232278296446 103.37920764434858 1054.3954517486661
PSIS 574.3555772903616 45.45003799507634 1062.052151372212
SAC 574.9289934372387 2.133861644461959 1064.287636163996
LEC 707.5854229070821 135.62966119618616 586.6285639813713
MEC 698.404192343093 59.14390231077463 580.4369283895171
malleolus_med 625.6116966312517 95.1576353683187 200.55726639059304
malleolus_lat 605.8052093702654 146.6824325720351 205.1473000081769
hjc 656.1218998306841 74.9492131859563 980.7886083475088
condyle_lat 699.4155647839135 133.38923883072664 538.0581154139812
condyle_med 685.3982041920481 63.36750489985238 539.8294479031617
