ASIS 699.610149562251 -93.70516812323929 1057.6765482435005
PSIS 574.9095207611755 -41.035638077107265 1065.4490966129363
SAC 574.2926842574923 2.175810428726603 1064.2257588863465
LEC 672.4656237132798 -139.3931692947645 584.8796238599322
MEC 655.0503758045229 -58.674021011629414 578.8302162547843
malleolus_med 615.0005415247781 -113.42435422955938 197.16811492856584
malleolus_lat 593.9358149677176 -166.88478827207234 202.76740449830424
hjc 658.7766205820606 -71.3941630725439 981.3355699098756
condyle_lat 665.045562518384 -138.08779037792317 542.8354713763116
condyle_med 649.357236160519 -66.1023511196336 539.9316982478921
