36
40
42
44
46
47
48
50
52
53
54
55
56
57
58
59
60
61
62
63
64
163
166
205
206
207
208
209
210
211
212
213
218
224
225
226
246
276
318
319
321
322
323
324
325
326
327
328
329
330
331
332
335
336
338
339
340
341
342
343
344
345
346
347
348
349
350
351
352
353
354
355
356
357
358
359
360
361
362
363
364
365
366
367
369
370
371
372
374
375
376
377
378
379
380
381
382
383
384
385
386
387
388
389
390
391
392
393
394
395
396
397
398
399
400
401
403
404
405
406
407
408
409
410
411
412
413
414
415
416
417
418
419
420
421
422
423
424
425
426
427
428
429
430
431
432
433
435
444
445
446
447
448
449
450
451
452
453
454
455
459
460
461
462
463
464
465
466
467
468
469
470
471
472
473
474
475
476
477
478
479
480
481
482
483
484
485
486
487
488
489
490
491
492
493
494
495
496
497
498
499
500
501
502
505
507
604
605
606
607
608
609
610
611
612
613
614
615
616
617
618
619
620
621
622
623
624
625
626
642
643
644
645
646
647
648
649
650
762
763
764
765
766
767
768
769
770
771
772
773
774
775
776
777
778
779
780
781
783
785
787
1165
1166
1167
1168
1169
1170
1171
1174
1176
1178
1180
1181
1182
1199
1205
1463
1507
1508
1509
1513
1514
1515
1516
1589
1590
1591
1610
1612
1617
3844
