922
923
924
925
927
929
931
933
935
937
939
949
1136
1138
1139
1140
1141
1142
1146
1147
1152
1153
1154
1155
1156
1347
1348
1349
1350
1356
1357
1358
1484
1486
1497
1518
1519
1520
1521
1522
1523
1524
1525
1526
1535
1536
1537
1538
1541
1542
1543
1544
1545
1546
1547
1551
1552
1553
1554
1555
1558
1559
1561
1562
1599
1600
1601
1602
1603
1604
1605
1606
1615
1663
1664
1665
1666
1667
1668
1682
1683
2896
2897
2905
2906
2907
2909
2910
2911
2912
2913
2914
2915
2916
2917
2918
2919
2920
2921
2922
2923
2924
2925
2926
2927
2928
2929
2930
2931
2932
2933
2934
2935
2936
2937
2971
2973
2977
2981
2988
2989
2993
3002
3003
3012
3013
3018
3024
3025
3027
3028
3076
3077
3078
3080
3081
3082
3170
3171
3172
3173
3174
3183
3184
3185
3575
3576
3577
3584
