1075
1078
1081
1652
3859
3861
3863
3865
3874
3875
3877
3878
3879
3880
3881
3882
3883
3884
3885
3886
3887
3888
3889
3897
3898
3941
3947
3948
3949
3950
3951
3952
3953
3954
3955
3956
4014
4015
4016
4017
4018
4019
4020
4021
4022
4023
4024
4025
4026
4027
4028
4029
4116
4117
4118
4119
4120
4121
4122
4123
4124
4125
4126
4127
4128
4142
4160
4164
4170
4180
4181
4182
4183
4184
4185
4186
4187
4188
4189
4190
4191
4192
4193
4194
4195
4196
4197
4198
4199
4200
4201
4202
4203
4204
4206
4209
4210
4212
4213
4214
4215
4216
4218
4219
4220
4222
4224
4225
4228
4231
4233
4234
4235
4260
4261
4263
4265
4266
4267
4269
4270
4271
4275
4353
4354
4478
4481
4482
