ASIS 630.9962730582962 -28.635198529171713 747.176734758251
PSIS 562.3701930025089 39.18497080741767 790.8095072892754
SAC 568.0038547059191 75.59255079283815 786.322753630971
LEC 543.4392717441892 -14.72641829468099 426.8711834797421
MEC 544.006328357169 47.08335748298256 429.04782715953024
malleolus_med 503.8424818041227 35.636988779267455 165.00342937545054
malleolus_lat 481.61639399285417 -2.7175945671891313 164.34584208819678
hjc 588.9610893203097 2.2494560873255653 704.2172477421697
condyle_lat 537.2087560376264 -7.585417676306768 394.4489744917297
condyle_med 537.6602262110993 42.73042570149372 396.5214772207435
