ASIS 662.2914025591791 145.4511175795435 738.5956123898368
PSIS 574.1886419703818 109.16273387870999 781.6440519716505
SAC 568.4983483710474 75.43571668800963 784.4342698601105
LEC 600.7221682677974 168.7302312504959 426.3392775118321
MEC 589.0759143365187 108.15860215416058 422.0466940654693
malleolus_med 538.9633745896708 136.5340597311398 161.47496319126014
malleolus_lat 523.1267909748705 182.0929226774425 161.71034490151658
hjc 612.1419476527316 124.65907918550475 698.6924784251165
condyle_lat 591.42876089599 165.98624257611132 393.3538384374295
condyle_med 582.9741312707032 113.54333698611981 393.2191135100988
