ASIS 578.1285774696754 134.07761405954292 825.6522865370513
PSIS 476.4172028533009 64.81231561908359 879.566807060909
SAC 476.49086304164825 22.813125089528462 883.4140771348104
LEC 499.1674240989931 146.50873778719847 455.31381661361826
MEC 494.28014899084576 77.84797143655784 449.99792711106755
malleolus_med 524.2072200897485 109.61071574662623 136.12222858529515
malleolus_lat 502.2011213210727 157.13361663510352 134.00687025020324
hjc 525.1508298631159 91.69434376741673 780.3941214882445
condyle_lat 500.61264743914654 143.95218781780736 415.2693564281014
condyle_med 496.6076044049003 82.46242599715073 413.4206665945414
