ASIS 570.5930531082925 -93.61389946615036 830.040403732101
PSIS 476.65233636388393 -19.32837258176213 886.3874916349479
SAC 476.68583099701357 22.559563954115685 883.4193170795488
LEC 534.8750955653144 -92.09847313089152 453.1623536301616
MEC 533.8653415611863 -19.450459974122527 451.2572912029772
malleolus_med 517.7868046226032 -48.084575428555375 137.47225051388756
malleolus_lat 493.4668405257346 -94.0557495068069 138.0247622789994
hjc 520.6706638033362 -50.88772325757633 782.0973912573386
condyle_lat 531.5490595498203 -86.96270949851794 415.64627541559344
condyle_med 530.404674846038 -25.41595993774117 415.05886084189984
