35
36
37
38
39
40
41
42
43
45
47
49
51
53
55
163
164
165
166
167
168
226
227
229
337
347
357
368
373
378
381
385
386
396
399
402
403
410
444
454
555
556
557
558
559
560
561
562
563
564
565
566
567
568
569
570
571
639
641
642
643
1352
1354
1365
1366
1367
1368
1369
1370
1371
1372
1373
1377
1378
1379
1380
1381
1382
1383
1384
1385
1388
1389
1390
1391
1392
1393
1394
1397
1399
1400
1401
1402
1404
1405
1406
1407
1408
1409
1412
1413
1414
1416
1417
1418
1421
1423
1424
1500
1501
1502
1503
1504
1505
1578
1579
1580
1583
1585
1586
1587
1588
1592
1593
1594
1595
1618
1619
1620
1621
1622
1623
1624
1625
1626
1627
1628
1629
1630
1631
1632
1633
1634
1635
1636
1637
1638
1639
1640
1641
1642
1643
1644
1645
1655
1656
1657
1658
1659
1671
1672
1673
1675
1677
1678
1679
1680
1681
1687
1689
1691
3840
3842
3843
3844
3845
3846
3847
3848
3849
3850
3851
3852
3853
3854
3855
3856
3857
3858
3860
3864
4093
4095
4097
4099
4101
4103
4104
4105
4106
4107
4108
4109
4110
4111
4112
4113
4114
4115
4196
4210
